Graph 0, Vertices 100, Edges 2000
42 29 0.523698
57 98 0.409694
66 61 0.486732
99 3 0.003014
29 50 0.109318
58 53 0.551811
97 24 0.622413
40 57 0.959574
91 62 0.779984
47 45 0.514491
14 19 0.368917
20 22 0.868609
14 82 0.338645
4 49 0.528715
26 96 0.821087
40 6 0.766806
65 75 0.343421
62 86 0.251985
82 88 0.713740
40 65 0.782860
41 84 0.702664
26 10 0.305501
82 3 0.899895
24 53 0.850107
50 49 0.522144
75 89 0.441631
82 83 0.044277
69 46 0.942969
0 49 0.098976
67 22 0.390010
1 34 0.796269
86 32 0.278008
80 92 0.234258
22 90 0.122449
87 48 0.771896
91 96 0.681660
35 22 0.883057
26 46 0.079516
45 11 0.637318
11 87 0.207059
41 47 0.820502
15 67 0.123737
76 4 0.295515
23 27 0.263654
18 86 0.495742
55 71 0.376758
86 60 0.652351
34 93 0.235502
79 8 0.586420
25 55 0.779742
90 70 0.559285
31 70 0.858323
50 39 0.666320
35 33 0.920711
80 54 0.677793
97 49 0.934428
6 35 0.745296
55 83 0.586498
15 82 0.543911
76 70 0.084140
9 77 0.700959
82 57 0.055738
66 38 0.764335
40 34 0.270139
73 83 0.088957
25 13 0.522732
92 52 0.726121
80 62 0.862406
37 90 0.331594
80 97 0.209865
42 17 0.708928
52 33 0.533802
47 21 0.118051
24 10 0.046490
71 79 0.647236
29 53 0.666655
86 44 0.522870
15 90 0.128738
88 25 0.330848
0 29 0.764913
54 4 0.405926
64 5 0.725338
6 52 0.220765
62 71 0.566322
98 18 0.323998
90 45 0.145033
90 36 0.070061
47 37 0.113047
83 85 0.275228
26 32 0.591656
18 68 0.646025
17 12 0.035500
75 53 0.549284
5 0 0.661077
2 58 0.491383
46 98 0.153576
31 78 0.036612
88 15 0.106385
38 54 0.076993
8 79 0.506360
69 61 0.614498
52 12 0.612548
13 49 0.370284
83 1 0.108707
13 80 0.521336
35 68 0.703214
72 74 0.275755
47 34 0.162403
75 59 0.704126
96 39 0.026550
63 65 0.465498
72 33 0.681057
88 26 0.441114
60 23 0.922389
59 6 0.040461
57 34 0.563422
29 90 0.385128
32 34 0.244760
78 92 0.296186
13 12 0.614095
51 8 0.854854
36 6 0.969500
3 82 0.374226
68 84 0.036482
94 10 0.444479
26 4 0.676942
67 15 0.496638
48 86 0.096167
68 27 0.874918
33 12 0.109555
67 85 0.483323
48 3 0.635734
99 48 0.668201
92 54 0.038555
61 21 0.423254
64 88 0.210006
32 96 0.652111
12 6 0.825118
20 58 0.952054
5 23 0.297753
11 13 0.305023
34 65 0.528567
34 52 0.400485
0 7 0.599597
98 81 0.741263
20 52 0.391471
18 2 0.121580
40 93 0.103477
85 80 0.093825
69 24 0.186058
92 27 0.117319
98 27 0.076203
49 8 0.661236
22 26 0.574394
51 30 0.019936
68 41 0.080643
3 68 0.312099
71 70 0.568341
0 66 0.233650
24 68 0.368749
26 63 0.292266
58 88 0.777254
29 87 0.378830
53 86 0.994827
77 94 0.138994
71 77 0.917633
10 6 0.345882
43 95 0.880060
98 35 0.569555
83 51 0.227471
49 76 0.252145
55 85 0.633510
47 7 0.385095
18 44 0.520749
39 82 0.236903
37 17 0.332934
1 45 0.296270
55 43 0.777835
76 43 0.153219
89 99 0.923943
20 89 0.039470
74 30 0.150824
41 9 0.484142
84 40 0.549869
75 88 0.905957
34 92 0.124693
57 76 0.181504
3 27 0.495800
53 91 0.645005
27 14 0.067966
77 99 0.627923
68 71 0.753754
77 14 0.523562
62 30 0.027197
96 26 0.144235
72 35 0.735402
9 67 0.304063
36 8 0.547672
63 36 0.119747
54 62 0.980894
78 48 0.005406
57 12 0.957835
31 33 0.342824
10 48 0.028244
31 22 0.066272
30 2 0.105170
46 14 0.995742
1 78 0.508783
2 11 0.282573
2 33 0.022303
91 72 0.100620
40 42 0.651707
45 53 0.822218
56 88 0.547063
61 94 0.259598
44 87 0.044760
59 79 0.510517
85 27 0.349171
90 93 0.137305
12 72 0.007944
66 92 0.781526
6 87 0.743153
89 6 0.935863
33 39 0.733728
84 69 0.107743
62 64 0.281095
77 86 0.216647
34 62 0.629248
66 62 0.858758
96 38 0.000057
9 29 0.744579
34 24 0.167266
61 91 0.566038
87 63 0.360195
83 60 0.914337
89 26 0.455604
98 60 0.160190
38 4 0.633307
67 27 0.348606
48 54 0.285548
61 33 0.803495
84 5 0.927156
10 42 0.635821
21 92 0.168379
65 53 0.850515
11 86 0.541307
68 11 0.803963
7 39 0.584472
91 28 0.624451
99 35 0.386584
93 36 0.667171
87 35 0.338734
78 89 0.170151
7 16 0.564321
5 35 0.487791
63 68 0.236296
79 91 0.306617
92 33 0.059394
90 82 0.726397
93 51 0.942642
28 87 0.263089
32 1 0.682651
16 48 0.770584
21 9 0.367803
47 36 0.584976
31 37 0.930237
87 51 0.762389
6 26 0.293916
74 15 0.744598
20 9 0.629959
66 4 0.829587
31 56 0.009680
1 4 0.530957
60 18 0.774608
25 83 0.506588
51 89 0.416671
99 53 0.777819
25 46 0.214320
38 7 0.633544
65 88 0.472766
54 60 0.428762
6 13 0.210482
93 75 0.869026
55 88 0.611634
32 27 0.027137
34 66 0.067248
71 25 0.374249
52 5 0.287855
96 32 0.267768
74 99 0.375049
9 45 0.842008
27 16 0.767882
85 73 0.939522
21 82 0.401432
16 60 0.629898
74 7 0.609435
50 80 0.301392
12 17 0.864806
46 28 0.912971
49 68 0.779891
5 95 0.481588
0 18 0.650739
35 83 0.003891
59 56 0.457375
48 33 0.708852
7 28 0.028662
68 46 0.462067
54 63 0.101018
57 79 0.557553
23 59 0.788155
82 24 0.215751
77 80 0.835195
66 78 0.915849
29 31 0.944284
89 31 0.306567
74 96 0.371053
80 32 0.146087
17 40 0.196249
35 21 0.924120
77 75 0.492490
61 17 0.758018
95 72 0.438917
90 30 0.015497
11 32 0.873274
36 32 0.121461
5 76 0.114374
33 17 0.844699
61 3 0.571844
82 89 0.515642
87 59 0.876437
89 86 0.848264
75 3 0.608317
29 62 0.983163
81 37 0.577122
27 78 0.627468
38 70 0.356467
75 58 0.524566
75 85 0.234635
24 15 0.141182
18 34 0.552647
4 1 0.195909
99 18 0.231266
96 10 0.099752
67 25 0.023472
63 94 0.464167
25 72 0.514760
90 31 0.016970
10 84 0.567484
59 3 0.023246
57 43 0.882779
14 97 0.072832
94 16 0.241752
85 84 0.916219
78 45 0.093026
55 99 0.016596
78 66 0.926234
51 71 0.913005
65 99 0.009146
33 81 0.757258
6 34 0.269914
93 91 0.707061
81 40 0.695418
87 54 0.505780
32 7 0.179378
79 53 0.122407
8 14 0.109998
89 17 0.724290
88 98 0.126535
10 62 0.396678
73 60 0.571997
53 59 0.509888
95 34 0.898384
58 11 0.843412
42 98 0.467274
38 37 0.669392
37 5 0.793415
3 81 0.515369
58 80 0.404803
90 27 0.279635
87 92 0.587035
39 44 0.113267
20 25 0.022613
14 73 0.711096
29 66 0.047454
95 35 0.044006
46 94 0.909797
99 96 0.931030
3 63 0.249822
57 60 0.060734
97 72 0.335634
1 35 0.725531
72 99 0.271488
36 40 0.431974
1 6 0.349852
11 5 0.834970
78 13 0.599293
63 46 0.322707
8 33 0.758366
54 52 0.351791
42 96 0.482060
78 4 0.340463
40 0 0.729501
33 73 0.904071
98 54 0.592556
21 48 0.535378
96 81 0.850596
33 44 0.827141
51 39 0.448101
92 78 0.194813
57 73 0.619099
34 96 0.519188
75 92 0.600892
5 94 0.163259
55 80 0.414454
15 1 0.023684
50 97 0.245413
18 96 0.066510
80 59 0.519106
44 14 0.960806
77 10 0.797362
75 97 0.311448
76 78 0.043211
47 29 0.815139
8 1 0.546687
76 3 0.366954
64 12 0.359192
55 54 0.257670
43 20 0.076084
83 42 0.832019
88 43 0.102730
95 21 0.883461
54 41 0.850007
78 5 0.517402
4 56 0.943579
6 15 0.066753
61 8 0.833333
95 23 0.392478
3 75 0.445119
6 11 0.363646
85 38 0.805811
17 21 0.952346
2 32 0.138802
67 73 0.183074
14 9 0.506267
66 16 0.496700
41 37 0.363157
34 39 0.601963
86 23 0.492123
19 48 0.065663
98 22 0.334626
89 36 0.985797
20 90 0.041436
0 10 0.812366
23 40 0.419926
68 37 0.264865
58 0 0.996753
95 53 0.489314
80 88 0.377015
62 68 0.291845
65 59 0.838285
16 98 0.088531
0 69 0.617062
72 43 0.473285
4 81 0.001651
23 9 0.821201
17 36 0.872935
95 98 0.870460
67 53 0.791907
14 27 0.008237
2 48 0.470927
0 15 0.721914
91 38 0.813901
43 83 0.958076
99 11 0.183711
79 49 0.801020
83 33 0.115614
46 72 0.542236
33 2 0.949863
19 7 0.561655
92 48 0.489887
81 12 0.518409
45 82 0.199644
25 15 0.471806
95 82 0.028838
40 7 0.300248
70 47 0.908850
72 52 0.546471
68 10 0.093342
9 85 0.869480
83 68 0.127143
94 69 0.911821
96 70 0.900226
41 75 0.520025
40 49 0.440434
24 8 0.510987
74 68 0.439506
84 24 0.272114
35 4 0.238883
61 53 0.028191
68 25 0.682942
76 99 0.477760
6 84 0.402106
89 43 0.292524
32 68 0.561558
62 96 0.418719
80 76 0.989023
87 40 0.762264
78 93 0.604529
57 4 0.857325
7 1 0.424006
28 67 0.593581
81 41 0.131072
12 8 0.322350
37 73 0.820959
56 11 0.916495
63 45 0.156311
29 36 0.837372
54 56 0.894444
67 90 0.713104
89 57 0.992494
89 50 0.561125
37 11 0.353944
70 87 0.300856
22 1 0.813207
31 90 0.229099
5 57 0.471970
46 45 0.613205
69 60 0.986700
51 11 0.896329
5 31 0.579685
82 13 0.103482
97 46 0.704496
0 97 0.791389
60 42 0.365858
9 71 0.533736
34 45 0.949124
45 21 0.869260
38 52 0.914975
77 96 0.017043
44 66 0.038812
81 43 0.410897
20 45 0.967563
66 97 0.408519
3 85 0.674077
62 4 0.262471
79 28 0.519998
3 56 0.966873
80 79 0.199812
34 18 0.931018
90 71 0.470079
86 68 0.013002
92 47 0.088317
89 21 0.488349
86 5 0.782641
64 67 0.615053
63 41 0.835960
78 80 0.559357
3 57 0.048939
11 74 0.622935
68 16 0.566902
17 3 0.483035
68 90 0.467831
56 94 0.533262
4 55 0.728759
95 13 0.144286
77 8 0.715674
69 6 0.052747
22 16 0.230073
13 9 0.571249
7 24 0.824152
38 35 0.475431
34 28 0.063214
70 95 0.058709
1 80 0.495042
14 74 0.685563
60 75 0.990039
55 74 0.166425
3 64 0.680955
5 91 0.837451
49 96 0.237291
48 97 0.268545
23 62 0.693456
9 96 0.148473
19 92 0.522211
59 66 0.244491
28 33 0.165496
18 48 0.406564
50 52 0.774883
28 50 0.734398
1 73 0.809001
37 10 0.357759
43 44 0.265987
61 67 0.102034
11 95 0.226448
86 28 0.732445
87 12 0.367278
10 67 0.079395
15 69 0.825641
1 32 0.415712
21 7 0.049124
25 99 0.045978
3 78 0.890273
93 77 0.772950
19 98 0.568205
59 28 0.854712
11 3 0.543774
63 69 0.171800
42 28 0.726645
4 47 0.334724
2 94 0.941047
22 83 0.457030
3 35 0.372286
66 31 0.166139
87 43 0.815662
94 57 0.796473
94 51 0.046478
69 36 0.171366
31 71 0.039375
89 38 0.617074
14 90 0.115488
33 63 0.174175
66 50 0.521318
12 41 0.136732
29 33 0.409232
76 61 0.361943
53 16 0.165987
95 83 0.145961
70 44 0.188123
53 80 0.786210
4 24 0.456304
30 92 0.285900
96 58 0.802751
0 43 0.910660
93 48 0.603677
18 78 0.284252
98 2 0.920449
69 9 0.694064
56 33 0.371367
41 1 0.011428
39 89 0.204965
65 22 0.080268
38 73 0.902999
28 94 0.532690
41 6 0.215266
92 71 0.240208
16 5 0.125174
87 70 0.357796
45 5 0.870947
88 67 0.709225
17 23 0.250553
36 44 0.226281
3 84 0.365174
23 33 0.498229
22 88 0.255847
44 70 0.650360
67 28 0.280369
97 27 0.944321
76 2 0.131010
63 98 0.160869
9 92 0.014669
9 64 0.046779
22 57 0.511895
85 94 0.864710
26 61 0.972353
23 12 0.039156
85 54 0.429556
39 64 0.465736
37 77 0.688328
97 80 0.879348
0 47 0.597348
72 70 0.909092
79 96 0.308782
23 28 0.483842
21 88 0.214566
87 61 0.668244
30 82 0.258563
28 17 0.833821
16 78 0.521969
80 37 0.308287
66 95 0.514638
92 94 0.825451
40 55 0.216321
8 7 0.451531
47 97 0.214560
95 29 0.189094
40 15 0.215841
50 36 0.154573
29 12 0.859317
99 85 0.631061
48 84 0.979767
13 76 0.802195
16 63 0.112431
63 28 0.907441
61 82 0.988406
26 48 0.067048
69 77 0.065685
15 50 0.255819
67 77 0.822972
75 10 0.392637
13 77 0.694524
21 23 0.972145
66 84 0.065282
16 32 0.544920
15 91 0.356787
3 39 0.837365
99 58 0.695047
44 32 0.045514
15 73 0.162154
41 81 0.759016
8 40 0.292073
96 90 0.592970
97 62 0.368455
69 73 0.391982
8 53 0.275952
44 20 0.478882
35 54 0.441614
90 98 0.612794
96 71 0.845647
48 15 0.934076
86 4 0.036459
85 21 0.031586
37 36 0.184105
53 9 0.880980
28 27 0.561783
14 48 0.643801
60 53 0.968956
18 47 0.694417
94 32 0.876935
71 69 0.833720
24 23 0.605695
67 92 0.972569
87 11 0.811114
2 31 0.333638
43 86 0.122599
94 61 0.890767
18 98 0.568131
12 46 0.226938
29 5 0.663288
69 27 0.143302
75 34 0.276295
13 17 0.214343
44 60 0.961469
41 48 0.578868
70 2 0.363485
19 59 0.799725
27 83 0.150537
50 16 0.074765
87 16 0.790435
25 49 0.889116
42 70 0.756556
59 52 0.777059
4 76 0.800491
27 43 0.853949
44 93 0.188302
40 71 0.334943
44 72 0.022703
70 57 0.454646
81 83 0.584427
81 77 0.663822
75 13 0.584427
10 20 0.806796
61 75 0.654329
76 38 0.076924
17 29 0.328052
42 43 0.764745
16 17 0.109688
49 19 0.592674
77 64 0.130177
70 89 0.015672
47 14 0.423628
34 88 0.223918
16 22 0.574143
10 63 0.619572
90 83 0.416887
53 62 0.251041
84 94 0.481540
55 77 0.927625
53 24 0.846737
43 61 0.822041
18 49 0.456045
20 84 0.026069
7 60 0.258616
4 17 0.306585
67 44 0.502117
86 74 0.199592
22 60 0.198691
32 15 0.085920
76 67 0.114242
10 60 0.774361
36 53 0.723346
80 23 0.900548
11 97 0.875517
83 41 0.481853
46 47 0.400359
77 41 0.607365
19 60 0.428087
19 17 0.760992
59 13 0.392546
80 28 0.177992
92 7 0.502776
63 11 0.551714
25 68 0.189575
93 81 0.239834
44 56 0.949746
30 6 0.285686
28 88 0.018833
8 2 0.198315
81 30 0.151441
41 82 0.207266
71 86 0.254312
4 65 0.850720
69 85 0.040229
61 26 0.732693
26 6 0.539151
9 80 0.161269
36 87 0.515979
64 74 0.923282
1 58 0.171519
63 67 0.257414
37 33 0.071421
36 43 0.087930
90 72 0.854206
97 88 0.718460
21 15 0.402137
82 33 0.328163
89 14 0.825973
20 23 0.489062
80 3 0.551309
78 70 0.498375
71 60 0.457463
81 59 0.541505
24 69 0.354061
37 47 0.714362
28 89 0.365590
79 55 0.944049
98 21 0.228158
97 29 0.492016
55 16 0.945775
86 7 0.341717
93 1 0.125321
4 67 0.369950
68 95 0.070855
13 55 0.114981
9 11 0.067138
40 24 0.102241
64 90 0.226124
43 33 0.638988
11 82 0.486217
53 83 0.517939
52 44 0.946101
43 71 0.512739
19 93 0.333392
46 7 0.974902
99 93 0.931616
85 74 0.991838
76 60 0.423912
96 19 0.042678
88 84 0.241227
31 12 0.919880
23 29 0.733877
90 19 0.016658
85 16 0.785853
95 69 0.238489
74 10 0.658066
67 86 0.483989
22 33 0.372634
49 35 0.594618
21 51 0.487086
22 14 0.999865
16 62 0.990121
28 69 0.445568
39 2 0.126048
1 50 0.826615
99 27 0.280720
12 96 0.741961
91 53 0.210787
3 72 0.956178
53 89 0.846609
81 20 0.039236
76 46 0.688958
40 74 0.233032
41 79 0.525072
61 34 0.942855
13 16 0.008237
83 48 0.326134
32 62 0.611866
42 49 0.585089
27 98 0.900418
32 26 0.537715
0 62 0.911550
87 41 0.399695
9 98 0.804124
94 52 0.792103
41 4 0.450596
22 32 0.699094
37 93 0.686232
83 22 0.071611
43 62 0.149957
34 35 0.976999
37 3 0.951243
21 35 0.181175
69 7 0.296078
58 38 0.235752
10 39 0.349445
54 45 0.443034
96 64 0.156173
93 49 0.269954
29 19 0.925470
82 9 0.344084
0 26 0.542009
14 35 0.280802
35 53 0.235815
33 70 0.999152
55 11 0.847252
0 61 0.564630
25 98 0.288283
82 76 0.962240
26 79 0.156261
96 11 0.403633
93 59 0.324557
49 12 0.957383
14 30 0.310082
81 84 0.411759
56 82 0.225521
30 89 0.179425
10 78 0.125675
72 91 0.085440
99 98 0.374703
21 1 0.137632
33 43 0.124159
25 57 0.288887
42 73 0.196061
68 69 0.046681
83 38 0.313131
57 36 0.972733
81 87 0.374603
2 45 0.722608
52 55 0.217489
20 16 0.213933
60 44 0.242985
56 87 0.732593
72 42 0.346250
81 1 0.728687
80 67 0.351265
58 74 0.026303
50 6 0.808551
58 32 0.240674
90 24 0.514183
86 62 0.901365
66 56 0.334634
46 1 0.681596
89 96 0.572155
1 33 0.435413
94 35 0.390328
13 32 0.429829
56 10 0.927788
90 25 0.976738
82 30 0.174993
81 74 0.497217
19 81 0.757936
7 20 0.623952
9 21 0.426986
0 8 0.140551
35 27 0.800533
76 97 0.828798
74 12 0.122963
77 61 0.923917
88 83 0.061406
10 55 0.283175
28 46 0.379685
36 2 0.334254
93 65 0.149641
36 12 0.667649
88 68 0.434381
73 19 0.375832
10 29 0.579783
98 78 0.462123
56 59 0.823437
39 32 0.028850
88 31 0.459276
43 92 0.518039
79 84 0.184287
77 83 0.639714
98 76 0.108594
86 90 0.039389
85 3 0.829622
52 50 0.423608
69 53 0.907836
36 89 0.689597
56 91 0.408684
56 39 0.083581
32 74 0.806751
51 10 0.443850
4 44 0.621751
32 67 0.701804
79 3 0.498329
99 33 0.620227
0 44 0.570226
9 23 0.616854
86 61 0.325843
84 96 0.019976
12 91 0.153377
19 15 0.822707
30 9 0.196013
89 80 0.208328
91 97 0.485835
58 49 0.088263
55 46 0.164447
11 73 0.293707
69 97 0.824472
31 45 0.994349
69 64 0.879311
27 92 0.585271
17 68 0.835073
35 62 0.242660
25 81 0.869547
99 59 0.374060
96 66 0.266670
9 73 0.179145
43 31 0.162492
67 69 0.699539
93 37 0.019651
8 27 0.043190
83 7 0.975817
99 64 0.029531
93 13 0.562205
62 65 0.022350
8 6 0.504952
78 33 0.063027
47 10 0.072132
0 45 0.954066
28 76 0.307011
83 40 0.531857
96 29 0.276883
29 37 0.690489
85 26 0.922370
27 35 0.681012
6 42 0.179873
43 21 0.689005
71 39 0.079820
61 30 0.582810
45 65 0.107349
94 90 0.701008
53 21 0.972625
21 98 0.259564
8 38 0.941444
51 31 0.457627
86 19 0.290861
25 59 0.295128
0 16 0.739644
11 45 0.031008
45 0 0.293383
58 19 0.726282
55 42 0.847287
37 8 0.266411
36 22 0.338475
32 8 0.960670
77 20 0.300004
8 96 0.272372
98 38 0.936721
5 69 0.093754
1 91 0.110664
11 40 0.785878
41 5 0.285689
89 58 0.878017
75 66 0.983810
2 67 0.138038
35 80 0.044600
37 95 0.918236
41 51 0.329454
59 49 0.174531
52 17 0.688893
83 56 0.470723
14 3 0.571949
54 83 0.720057
64 46 0.076548
49 50 0.231378
63 39 0.599453
46 84 0.462123
77 26 0.805402
39 51 0.881747
1 96 0.571577
1 56 0.085368
28 2 0.663226
52 78 0.570141
17 49 0.203101
90 96 0.183433
38 87 0.347986
55 38 0.136570
60 66 0.559779
74 70 0.293322
51 41 0.099690
65 8 0.893581
44 90 0.259708
17 88 0.168831
55 41 0.906412
9 25 0.270959
53 73 0.980168
23 96 0.489549
57 5 0.167572
27 58 0.389271
26 62 0.122481
52 48 0.323390
71 49 0.951806
58 3 0.805899
54 55 0.359672
97 39 0.377836
79 69 0.175368
6 98 0.182828
67 0 0.218558
16 35 0.715244
69 95 0.447597
19 25 0.944870
41 91 0.204380
26 55 0.402594
78 21 0.693697
78 27 0.202590
84 70 0.218624
58 81 0.304405
42 27 0.776716
68 24 0.715403
92 4 0.332775
50 10 0.722921
86 84 0.844111
7 99 0.155195
68 6 0.667414
48 92 0.324228
6 73 0.436312
23 64 0.088103
54 93 0.372987
33 72 0.013339
64 89 0.439134
40 72 0.346070
87 39 0.539646
71 56 0.326696
4 25 0.690132
86 34 0.044967
65 10 0.719764
72 92 0.137005
40 99 0.722263
91 45 0.437404
80 27 0.240411
97 70 0.942594
97 13 0.880184
79 66 0.778726
65 36 0.819186
70 54 0.540249
65 92 0.648046
3 34 0.320544
45 70 0.979020
74 21 0.802416
19 83 0.249458
9 78 0.333078
98 47 0.204083
58 90 0.735264
90 62 0.559604
65 5 0.080423
84 74 0.888313
55 63 0.436473
38 74 0.434855
24 2 0.525316
69 32 0.539676
32 92 0.624126
67 72 0.765101
3 87 0.399668
64 50 0.200553
19 53 0.336873
35 85 0.140027
74 81 0.962167
2 79 0.094627
79 17 0.291897
76 30 0.529540
40 23 0.614452
80 33 0.924174
36 48 0.155859
91 18 0.490214
69 31 0.803111
67 21 0.734750
52 72 0.865733
92 8 0.310379
28 29 0.473466
12 68 0.218725
6 89 0.540228
94 41 0.117168
51 58 0.333660
52 85 0.257263
29 49 0.419607
8 48 0.245751
85 1 0.702241
59 65 0.033814
17 8 0.500228
12 54 0.052237
80 10 0.249417
63 91 0.946876
67 40 0.426559
23 54 0.250071
22 12 0.373364
61 9 0.834028
2 83 0.716785
88 21 0.174699
81 33 0.203370
69 12 0.880195
48 49 0.344258
0 95 0.972467
84 95 0.111559
94 19 0.531857
24 65 0.914203
57 24 0.746350
83 64 0.936361
51 73 0.183819
88 92 0.787340
11 29 0.987866
95 6 0.874023
82 40 0.231901
60 57 0.181659
25 64 0.701689
66 54 0.404257
35 65 0.230197
86 13 0.899395
13 58 0.761724
88 14 0.248252
6 80 0.451142
55 1 0.246539
17 91 0.482152
31 39 0.964869
88 87 0.142054
33 40 0.865482
39 33 0.347206
99 1 0.837963
53 70 0.679008
99 32 0.940214
5 9 0.140943
50 74 0.033285
73 80 0.001599
71 46 0.584088
35 93 0.082983
75 60 0.156745
13 22 0.297926
61 12 0.171120
80 75 0.932461
2 49 0.303676
54 86 0.088940
62 13 0.101508
42 39 0.435986
38 17 0.211053
39 18 0.754245
75 20 0.516444
94 25 0.076057
71 97 0.440908
89 77 0.108348
41 90 0.713600
39 21 0.431149
11 10 0.588027
39 88 0.945292
9 1 0.176230
49 56 0.629787
78 98 0.503728
36 68 0.687932
7 54 0.227280
46 21 0.118919
70 15 0.647653
8 5 0.630865
83 96 0.824936
76 7 0.754965
14 25 0.784495
32 60 0.895750
35 90 0.831346
91 22 0.120388
84 9 0.889939
88 44 0.076999
52 41 0.659556
38 82 0.889202
47 15 0.773513
51 65 0.502750
50 54 0.404521
23 49 0.217963
81 6 0.664875
43 3 0.183374
84 66 0.314009
4 98 0.193530
84 10 0.965473
94 70 0.592823
92 5 0.962485
22 36 0.119503
57 69 0.213271
47 95 0.583316
70 73 0.443502
4 29 0.139409
84 49 0.193206
4 41 0.275554
5 7 0.870960
68 54 0.927332
12 22 0.026859
42 31 0.524645
49 57 0.472403
39 16 0.348173
69 92 0.354796
72 86 0.329687
63 89 0.658270
24 83 0.359029
8 88 0.209708
31 97 0.721600
15 21 0.363328
80 65 0.916273
79 65 0.698634
58 59 0.190846
11 78 0.050201
71 7 0.789516
29 34 0.406513
73 67 0.816564
78 96 0.454872
83 16 0.556470
0 99 0.874851
40 22 0.430994
27 40 0.004005
94 72 0.861691
27 32 0.241536
76 79 0.381504
9 99 0.056362
74 24 0.159169
35 30 0.098331
11 51 0.902687
7 92 0.737590
41 25 0.898571
23 42 0.831334
9 5 0.060325
15 27 0.147737
20 34 0.971467
64 29 0.023785
61 40 0.995449
49 4 0.885143
3 60 0.417167
72 7 0.455794
75 22 0.630657
44 67 0.099243
50 65 0.517624
72 69 0.521313
18 66 0.681437
58 63 0.315628
48 72 0.763319
38 6 0.426507
31 60 0.290822
16 36 0.581351
50 3 0.375819
14 63 0.163838
69 47 0.188021
49 77 0.930878
23 20 0.885611
35 70 0.070994
58 70 0.458391
50 46 0.652256
79 68 0.683781
55 44 0.262755
65 30 0.889602
58 82 0.901944
88 3 0.756512
84 3 0.765718
48 9 0.405162
40 50 0.809981
27 77 0.598145
14 1 0.328718
8 51 0.453962
25 0 0.839391
96 30 0.769693
93 3 0.136347
71 16 0.057196
94 20 0.064240
22 71 0.647482
71 63 0.130481
91 94 0.424570
86 75 0.062747
5 99 0.662912
46 76 0.284385
78 88 0.782811
25 69 0.950244
85 30 0.789037
62 74 0.712436
85 61 0.746771
6 32 0.849371
82 66 0.783311
54 85 0.571695
37 24 0.607423
49 63 0.028226
96 9 0.032301
97 59 0.334729
13 41 0.091342
64 69 0.305014
72 94 0.965639
52 13 0.971794
65 94 0.473835
40 51 0.346154
22 19 0.573634
43 42 0.023523
77 93 0.956586
9 27 0.940238
37 67 0.536622
31 40 0.877839
34 84 0.232739
94 6 0.699646
20 62 0.120941
43 45 0.210093
12 84 0.062999
98 97 0.955350
32 29 0.715400
67 52 0.649616
52 91 0.888149
34 85 0.732401
17 7 0.148252
88 57 0.531579
51 34 0.838728
58 4 0.975570
58 40 0.510261
74 91 0.215872
75 0 0.882826
43 84 0.731733
47 26 0.096432
90 4 0.382968
90 2 0.239167
47 87 0.999134
30 32 0.832756
97 25 0.021891
43 9 0.177816
29 59 0.691004
21 20 0.826195
54 43 0.191842
70 40 0.363153
84 55 0.357005
39 49 0.568215
80 30 0.304425
5 1 0.948351
48 64 0.589179
87 21 0.154420
37 22 0.178261
8 47 0.156418
99 76 0.745888
2 76 0.184126
58 50 0.504845
3 22 0.611626
85 88 0.872125
42 41 0.483921
98 32 0.843927
49 86 0.806262
78 75 0.417759
35 78 0.679396
83 78 0.290144
5 19 0.864117
10 45 0.913647
56 74 0.240280
27 53 0.004340
95 66 0.290213
70 93 0.517453
84 29 0.502378
16 66 0.359763
94 54 0.007435
46 40 0.819640
45 16 0.985594
43 15 0.653877
41 35 0.368965
9 65 0.561844
70 67 0.440541
92 87 0.942259
14 62 0.271558
24 40 0.923203
73 77 0.693189
6 88 0.025284
50 68 0.410333
13 34 0.814583
35 47 0.985291
13 65 0.081869
76 57 0.099725
72 75 0.996666
71 55 0.899621
95 43 0.257479
35 73 0.348196
90 78 0.639036
40 37 0.837951
43 13 0.212348
31 74 0.376882
93 71 0.497581
79 5 0.094493
73 0 0.921725
43 18 0.801972
21 31 0.580143
55 45 0.296948
67 34 0.034387
33 52 0.764859
91 95 0.428905
83 90 0.943652
89 45 0.857813
22 89 0.809977
99 60 0.074971
21 30 0.531783
73 28 0.761565
56 43 0.242062
62 80 0.341230
3 38 0.097213
5 36 0.074157
53 28 0.839351
62 88 0.425803
65 74 0.580063
36 14 0.797455
73 1 0.381068
51 78 0.865367
85 59 0.663210
50 25 0.103791
18 38 0.541163
13 62 0.736285
28 20 0.564182
36 15 0.563711
91 36 0.575237
65 34 0.068746
12 60 0.794468
80 39 0.151871
93 61 0.181390
83 94 0.354646
47 4 0.551946
40 91 0.765886
71 1 0.141584
73 5 0.331677
91 21 0.705732
51 87 0.367719
73 49 0.411545
65 67 0.499955
12 13 0.174503
89 59 0.058456
95 32 0.971998
61 13 0.991733
4 23 0.745738
58 13 0.231110
38 61 0.676801
53 84 0.905094
49 43 0.222820
49 75 0.200021
75 68 0.348610
41 89 0.193204
98 92 0.605199
85 19 0.209100
30 55 0.032878
73 76 0.779376
30 16 0.778730
71 2 0.400660
94 59 0.270454
62 51 0.343380
44 25 0.679752
97 33 0.723559
20 39 0.935528
64 44 0.779725
20 11 0.516116
9 38 0.922186
55 12 0.811805
34 49 0.606411
59 8 0.588999
77 3 0.591357
82 53 0.732493
35 56 0.131759
36 88 0.476308
89 81 0.738192
90 12 0.912047
8 34 0.121655
50 88 0.016957
80 61 0.389304
43 6 0.317606
35 8 0.790135
47 81 0.210477
29 32 0.609666
97 31 0.700506
84 35 0.430917
66 55 0.650228
31 3 0.245439
82 37 0.630895
9 83 0.953874
30 14 0.066793
96 18 0.606329
74 47 0.309489
38 58 0.380167
14 6 0.608079
28 61 0.845164
73 26 0.807480
74 35 0.580642
34 94 0.155519
87 80 0.611583
36 61 0.630165
82 35 0.953748
70 11 0.776437
32 82 0.921190
23 77 0.293168
20 29 0.378205
40 97 0.877997
33 46 0.811541
47 75 0.056207
75 49 0.691126
68 35 0.849493
91 74 0.031536
24 18 0.732426
2 51 0.001330
24 94 0.139526
65 35 0.262157
51 54 0.440969
56 53 0.755919
37 69 0.729255
78 68 0.395863
9 3 0.283129
82 98 0.345729
74 32 0.481747
2 47 0.487785
62 52 0.033922
41 53 0.310063
75 11 0.861447
86 53 0.860085
28 5 0.007400
72 28 0.073860
27 19 0.709636
91 69 0.768008
84 33 0.502032
34 44 0.481998
13 84 0.786059
20 19 0.717199
85 20 0.154721
17 4 0.983829
7 74 0.048708
91 47 0.145611
18 42 0.998611
30 64 0.664120
46 55 0.306342
59 77 0.718045
80 36 0.219824
88 47 0.996754
12 97 0.973660
25 7 0.998572
52 0 0.345229
94 30 0.656215
14 99 0.977840
86 55 0.027758
92 36 0.704540
55 65 0.758810
79 4 0.188651
34 71 0.414680
23 47 0.430891
63 50 0.019755
93 14 0.653039
94 45 0.746545
91 5 0.242706
0 75 0.648636
39 75 0.354536
56 6 0.550222
66 14 0.479558
75 74 0.938361
54 73 0.135677
45 71 0.935709
55 67 0.480827
14 54 0.178137
3 14 0.930890
27 5 0.523090
47 54 0.339373
57 25 0.795976
17 30 0.228568
88 80 0.638897
20 72 0.962145
68 13 0.381779
31 65 0.868012
2 29 0.746514
15 94 0.208298
53 27 0.844841
54 47 0.357500
57 46 0.859798
13 63 0.170371
61 54 0.494086
40 59 0.914073
12 98 0.713015
38 53 0.314398
23 13 0.025677
91 4 0.922981
34 50 0.360390
80 15 0.685243
69 16 0.776720
8 19 0.775077
30 93 0.067254
27 8 0.423068
18 69 0.458271
60 30 0.777651
93 73 0.909172
96 48 0.656375
12 94 0.247962
55 24 0.870479
59 2 0.220550
95 78 0.241970
37 34 0.539827
43 48 0.640847
42 57 0.229168
13 51 0.513009
16 2 0.551352
61 95 0.994481
56 90 0.270356
87 9 0.059291
21 58 0.547964
2 41 0.590087
8 30 0.374569
88 95 0.689209
52 36 0.700251
19 42 0.633621
26 3 0.928248
72 12 0.743568
49 81 0.335013
69 91 0.906723
94 76 0.577127
32 49 0.796882
26 18 0.343978
83 26 0.571808
66 83 0.548742
51 32 0.957832
72 51 0.540150
3 71 0.887858
25 88 0.322296
49 70 0.150759
73 33 0.370118
69 99 0.252306
5 73 0.799247
32 47 0.310354
40 4 0.792788
35 9 0.684086
93 20 0.188363
31 41 0.100934
21 49 0.347931
88 23 0.638772
77 38 0.854497
76 73 0.526782
95 10 0.478869
43 96 0.690225
27 6 0.833513
78 42 0.523110
90 85 0.369991
94 77 0.741453
97 47 0.894221
92 79 0.043691
69 71 0.727712
88 22 0.078452
83 71 0.190313
71 52 0.133356
15 33 0.965498
84 58 0.181869
67 5 0.438231
82 23 0.274300
1 46 0.499573
73 79 0.422223
0 17 0.626866
74 66 0.230687
86 65 0.719158
29 11 0.391734
84 54 0.554203
26 85 0.025409
99 16 0.207274
85 93 0.183453
66 70 0.539922
61 96 0.213783
60 85 0.997955
67 17 0.812877
87 42 0.856504
86 81 0.766009
38 33 0.252945
88 73 0.929898
92 14 0.673355
62 15 0.641241
53 46 0.467522
44 57 0.762021
55 36 0.157667
96 8 0.065685
81 82 0.552158
16 52 0.859027
1 65 0.587799
6 82 0.990604
42 21 0.734749
5 97 0.745974
73 44 0.190899
16 97 0.831899
68 21 0.107428
22 15 0.417386
35 19 0.175377
40 3 0.031425
94 4 0.767231
83 23 0.670248
2 3 0.688972
33 88 0.896507
78 59 0.506399
79 71 0.971594
13 94 0.541755
54 1 0.178396
32 91 0.140547
42 89 0.821105
30 25 0.671131
56 9 0.377242
37 42 0.501264
4 93 0.815215
29 83 0.389111
27 87 0.923680
92 61 0.707488
99 45 0.397163
30 60 0.712742
28 99 0.444511
59 16 0.004914
96 5 0.244931
36 84 0.935728
71 88 0.554225
10 79 0.340634
62 24 0.708758
8 54 0.647346
71 27 0.881354
48 14 0.632313
26 50 0.050231
30 74 0.798513
3 29 0.381145
12 78 0.425859
96 73 0.236829
95 96 0.977217
51 35 0.861566
31 59 0.214081
64 79 0.270515
48 91 0.949374
18 62 0.015424
44 91 0.175557
85 45 0.933968
43 85 0.092755
51 67 0.756883
9 30 0.783059
72 88 0.035914
62 8 0.899806
94 80 0.223526
41 49 0.265528
45 84 0.075036
17 81 0.739173
44 45 0.149119
77 56 0.040133
72 16 0.108016
58 30 0.540501
15 29 0.970781
33 74 0.730784
33 77 0.707000
73 78 0.073559
98 62 0.856616
16 1 0.585721
98 4 0.967463
40 75 0.753271
67 54 0.408532
86 64 0.597475
76 10 0.187569
32 84 0.329827
85 22 0.481099
83 36 0.939411
74 14 0.298975
4 54 0.607357
33 98 0.685071
71 64 0.197062
72 10 0.233498
13 72 0.738275
63 79 0.605741
30 41 0.089063
25 21 0.491449
9 40 0.423920
36 73 0.215754
36 49 0.816573
87 91 0.255489
28 24 0.312859
77 33 0.078538
19 55 0.163610
97 35 0.939776
25 84 0.297082
26 33 0.619070
70 69 0.085785
93 97 0.704971
61 27 0.373179
38 9 0.059512
95 12 0.001441
91 41 0.621655
47 90 0.997659
74 16 0.507873
32 31 0.819407
65 17 0.540183
87 96 0.812123
99 36 0.335773
41 14 0.787071
67 31 0.693035
3 33 0.756832
3 50 0.274988
45 99 0.737921
63 61 0.749661
31 0 0.528082
25 96 0.483624
56 13 0.760789
39 93 0.561461
28 63 0.726971
25 78 0.610844
86 45 0.356034
73 24 0.861480
27 38 0.032554
51 64 0.368366
4 68 0.418307
0 33 0.993649
69 45 0.181711
95 84 0.193013
42 36 0.662920
49 45 0.382550
71 51 0.887916
45 46 0.509098
27 56 0.220914
2 14 0.806899
88 5 0.813446
11 36 0.972142
10 81 0.873145
21 39 0.372192
57 17 0.882293
64 77 0.977761
73 93 0.974144
45 77 0.737438
87 86 0.205751
1 87 0.817903
56 85 0.215780
97 91 0.236487
26 20 0.527107
50 76 0.791374
86 21 0.800753
72 37 0.282390
14 87 0.847334
44 3 0.945324
60 31 0.989711
35 92 0.982260
48 65 0.646963
64 96 0.355749
49 28 0.907060
16 94 0.914837
4 95 0.954944
41 99 0.442932
87 65 0.171667
73 31 0.061411
95 27 0.734878
75 82 0.290513
28 82 0.932509
55 81 0.481277
26 72 0.767655
82 34 0.640526
45 34 0.404303
75 86 0.406102
80 82 0.837601
32 22 0.024868
43 80 0.746977
32 17 0.692992
83 95 0.169557
12 37 0.529601
19 52 0.346063
93 88 0.223160
14 57 0.447895
31 85 0.834333
77 60 0.328009
29 71 0.620724
64 13 0.174308
14 98 0.560653
26 9 0.161391
52 54 0.403679
29 76 0.854572
3 53 0.584674
53 47 0.600762
61 20 0.450355
93 40 0.689660
70 28 0.637067
17 93 0.990931
12 44 0.379047
90 86 0.759452
29 54 0.667312
46 68 0.208622
70 59 0.082000
43 26 0.435520
83 0 0.588985
60 56 0.741314
84 98 0.577540
12 1 0.191076
15 86 0.436634
61 62 0.146899
99 69 0.749592
15 18 0.622097
91 93 0.390546
43 22 0.490710
11 26 0.429492
64 55 0.244506
51 46 0.334494
67 36 0.303308
43 90 0.285291
64 85 0.195056
41 68 0.594237
8 85 0.721205
58 21 0.925656
87 30 0.087958
55 37 0.503029
80 50 0.649549
71 0 0.448030
86 63 0.468447
60 76 0.201225
96 45 0.762903
72 97 0.970926
71 21 0.202233
17 77 0.883547
74 79 0.422680
43 25 0.056583
